      0/99     3.03G    0.1217   0.03599   0.05655    0.2142        19       608  0.001466   0.04589 0.0002351 3.687e-05    0.1105    0.0319   0.05394
      1/99     4.62G    0.1085   0.03672   0.05178     0.197        21       608  0.001973   0.04954 0.0005622 9.176e-05   0.09509   0.03483   0.04785
      2/99     4.62G    0.0969   0.04199   0.04678    0.1857        24       608  0.009539   0.05794  0.004092 0.0007667   0.08411   0.03703   0.04243
      3/99     4.62G   0.08829   0.04477   0.04222    0.1753        16       608   0.03224   0.08701   0.02286  0.005404   0.07559   0.03788   0.03702
      4/99     4.62G   0.07681   0.04594   0.03732    0.1601        13       608    0.6612   0.09867    0.0557   0.01598   0.06803   0.03701   0.03288
      5/99     4.62G   0.07138   0.04484   0.03472    0.1509        14       608    0.6834    0.1382   0.08857   0.02736   0.06379   0.03477   0.02996
      6/99     4.62G   0.06667   0.03984   0.03138    0.1379        10       608    0.6555    0.2794    0.2029   0.06573   0.05873   0.03266   0.02625
      7/99     4.62G   0.06451   0.04153    0.0277    0.1337        19       608    0.6142    0.2416    0.2019   0.05397   0.06246   0.02935   0.02318
      8/99     4.62G   0.06412   0.03845   0.02432    0.1269        17       608    0.6421    0.3168    0.3174     0.123    0.0548   0.02898   0.02038
      9/99     4.62G   0.06181   0.03674   0.02376    0.1223        22       608    0.5048    0.3407    0.2402   0.07239   0.05942   0.02759   0.01999
     10/99     4.62G    0.0618   0.03404   0.02227    0.1181        13       608    0.2013    0.3159     0.198   0.06588   0.05808   0.02892   0.02274
     11/99     4.62G   0.06001   0.03324   0.01977     0.113        26       608    0.2709     0.441    0.3164    0.1093   0.05464   0.02717   0.01803
     12/99     4.62G   0.06005   0.03402   0.02008    0.1141        18       608     0.381    0.4838    0.4504    0.1809   0.04869   0.02623   0.01527
     13/99     4.62G   0.05941    0.0328   0.01889    0.1111         7       608    0.4421    0.5496    0.3592    0.1343   0.05126   0.02535   0.01536
     14/99     4.62G   0.05745     0.032   0.01684    0.1063        22       608    0.2878    0.5479     0.417    0.1704     0.049   0.02593     0.015
     15/99     4.62G   0.05666   0.03273   0.01633    0.1057        17       608    0.5289    0.5925    0.5566    0.2358   0.05065   0.02411   0.01209
     16/99     4.62G    0.0548   0.03227   0.01548    0.1026        18       608    0.5662    0.5878    0.5971    0.2666   0.04671   0.02362   0.01169
     17/99     4.62G   0.05569    0.0302   0.01446    0.1004        27       608    0.4233    0.4498    0.4053     0.154   0.05061   0.02641   0.01678
     18/99     4.62G   0.05304   0.03252    0.0121   0.09767        23       608    0.6002    0.5517    0.5895    0.2622   0.04619   0.02472   0.01058
     19/99     4.62G    0.0527   0.03002   0.01175   0.09447        26       608    0.5163    0.7065    0.6017    0.2623    0.0503   0.02362  0.009371
     20/99     4.62G   0.05969    0.0305   0.01113    0.1013        13       608    0.5522    0.7045    0.6207    0.2835   0.04534   0.02371  0.009906
     21/99     4.62G   0.05757   0.02904   0.01071   0.09732        24       608    0.5776    0.6286    0.6222    0.2566   0.04745   0.02164  0.006945
     22/99     4.62G   0.05574   0.02815   0.00963   0.09352        15       608    0.5229    0.7191    0.6105     0.252   0.05399   0.02153  0.006513
     23/99     4.62G   0.05361   0.02877  0.009981   0.09237        12       608    0.6294     0.651    0.6881    0.3118     0.043   0.02266  0.007509
     24/99     4.62G   0.05365   0.02901   0.00772   0.09039        24       608    0.6226    0.7627    0.7248    0.2811   0.04767    0.0207  0.004641
     25/99     4.62G   0.05401    0.0286  0.007512   0.09012        26       608    0.6282    0.8018    0.7296    0.3034    0.0458   0.02161  0.004916
     26/99     4.62G   0.05217   0.02897  0.007766   0.08891        19       608    0.4792    0.7486    0.6271     0.254   0.04651   0.02084  0.004869
     27/99     4.62G   0.04944   0.02804  0.008097   0.08558        23       608    0.5753    0.6469    0.6378    0.2747    0.0461   0.02231  0.007954
     28/99     4.62G   0.04935   0.02904  0.006983   0.08537        22       608    0.7419    0.7529    0.7932    0.3481   0.04636   0.02011    0.0046
     29/99     4.62G   0.04959   0.02738  0.006316   0.08328        16       608     0.727    0.8623    0.8565    0.4318    0.0387   0.02023     0.004
     30/99     4.62G   0.04945   0.02771  0.006248   0.08341        21       608    0.7288     0.723     0.758    0.3393   0.04527   0.02104  0.005837
     31/99     4.62G   0.05095   0.02603  0.006134   0.08312        10       608    0.7045    0.6598    0.7349    0.3549     0.043   0.02134  0.005664
     32/99     4.62G    0.0453   0.02787  0.005312   0.07849        21       608    0.6953    0.7638    0.7845    0.4019   0.04013   0.02245  0.006081
     33/99     4.62G    0.0497   0.02659  0.005337   0.08163        23       608    0.5642    0.6489    0.6212    0.2362   0.04677   0.02067  0.003887
     34/99     4.62G   0.05105   0.02668  0.006417   0.08414        14       608    0.7032    0.8529    0.8125    0.4038   0.04006   0.01892  0.003667
     35/99     4.62G    0.0489   0.02684  0.005502   0.08124        18       608    0.6292    0.7945    0.7571    0.3329   0.04182   0.01919  0.004233
     36/99     4.62G   0.04634   0.02717  0.004928   0.07844        16       608    0.7105    0.7892    0.8269    0.4238   0.04171   0.02026  0.004125
     37/99     4.62G   0.04811   0.02645  0.005115   0.07968        15       608    0.8021    0.8604    0.8849    0.4708   0.03834   0.02018  0.003014
     38/99     4.62G   0.04451   0.02634  0.005167   0.07602        19       608    0.6538    0.7757    0.7476    0.3646   0.04382   0.02005  0.004865
     39/99     4.62G   0.04571   0.02553  0.005446   0.07668        25       608    0.8066    0.8702    0.9233    0.5033   0.03384   0.01873  0.003395
     40/99     4.62G   0.04491   0.02644  0.004488   0.07584        24       608    0.7587    0.7515    0.8427    0.4051    0.0418   0.01814  0.002467
     41/99     4.62G   0.04578   0.02752  0.004836   0.07814        29       608     0.774     0.866    0.9059    0.5008   0.03583   0.01853  0.003376
     42/99     4.62G   0.04535   0.02537   0.00477   0.07549        20       608    0.7432    0.7932    0.8265    0.3438   0.04214   0.01902  0.004278
     43/99     4.62G   0.04248   0.02568  0.004625   0.07278        13       608    0.8638    0.9081    0.9285    0.4879   0.03424   0.01788  0.002487
     44/99     4.62G   0.03939   0.02463  0.003885    0.0679        22       608    0.8762    0.8445    0.9282    0.5233    0.0342   0.01703  0.001904
     45/99     4.62G   0.03848   0.02526  0.003773   0.06751        20       608    0.8056    0.8612    0.8969     0.501   0.03469   0.01853  0.003404
     46/99     4.62G   0.03948    0.0243  0.004082   0.06787        17       608    0.9056    0.9157    0.9642     0.566   0.03318   0.01646  0.002035
     47/99     4.62G   0.03896    0.0234   0.00417   0.06653        20       608    0.8667    0.9203    0.9372    0.5402   0.03274   0.01798  0.002494
     48/99     4.62G   0.03655   0.02467  0.003835   0.06505        23       608    0.9121    0.9142    0.9634    0.5001   0.03391    0.0162   0.00176
     49/99     4.62G   0.03769   0.02309   0.00383    0.0646        17       608     0.871    0.8623      0.92    0.5091   0.03286   0.01728   0.00235
     50/99     4.62G   0.03854   0.02428  0.003163   0.06598        15       608    0.8825    0.9165    0.9514    0.5175   0.03302   0.01559  0.001602
     51/99     4.62G   0.03626   0.02305  0.003284   0.06259        20       608    0.8135    0.9414    0.9082    0.5514   0.03328   0.01644  0.001969
     52/99     4.62G   0.03699   0.02477   0.00249   0.06425        16       608    0.9099    0.8779    0.9331    0.5528   0.03397   0.01687  0.002326
     53/99     4.62G   0.03763   0.02315  0.002665   0.06345        28       608    0.9069    0.9448    0.9623     0.582   0.03079   0.01585  0.001914
     54/99     4.62G   0.03735   0.02188  0.003048   0.06227         9       608    0.9368    0.9206     0.963    0.5989   0.03192   0.01611  0.001951
     55/99     4.62G   0.03495   0.02311   0.00264    0.0607         8       608    0.8619    0.9447    0.9509    0.5478   0.03273   0.01675  0.001594
     56/99     4.62G   0.03521   0.02362  0.002694   0.06152        29       608    0.8433     0.936    0.9534    0.6281   0.02926   0.01499  0.001353
     57/99     4.62G   0.03585   0.02254  0.002425   0.06082        20       608    0.9517    0.9506      0.98    0.6151   0.02909   0.01495  0.001209
     58/99     4.62G   0.03304   0.02225  0.002563   0.05786        15       608    0.9372      0.97    0.9805    0.6355   0.02834   0.01504  0.001296
     59/99     4.62G    0.0306   0.02052   0.00223   0.05334        14       608    0.9331    0.9632    0.9769    0.6365   0.02846   0.01474  0.001162
     60/99     4.62G   0.03268   0.02254  0.002267   0.05749        17       608    0.9381    0.9691    0.9839    0.6448   0.02675   0.01424  0.001057
     61/99     4.62G   0.03239   0.02003  0.002217   0.05464        18       608    0.9292    0.9745      0.98    0.6525   0.02701   0.01398  0.001052
     62/99     4.62G   0.03154   0.02114  0.002439   0.05513        25       608    0.9514    0.9761    0.9853    0.6709   0.02638   0.01376  0.001021
     63/99     4.62G    0.0315   0.02156  0.002112   0.05517        24       608    0.9594    0.9673    0.9858    0.6604   0.02618    0.0135  0.001029
     64/99     4.62G   0.03095   0.02125  0.002012   0.05421        16       608    0.9419    0.9851    0.9857    0.6739   0.02625   0.01332 0.0009391
     65/99     4.62G   0.03084   0.01974  0.002103   0.05268        15       608    0.9603    0.9691     0.986    0.6897    0.0244   0.01321 0.0009948
     66/99     4.62G   0.02891   0.02025  0.001876   0.05103        21       608    0.9661    0.9731    0.9895    0.6843   0.02471   0.01309 0.0009743
     67/99     4.62G   0.02899   0.02029  0.002115    0.0514        17       608    0.9472    0.9708    0.9828    0.6827   0.02508   0.01384  0.001108
     68/99     4.62G   0.03088   0.01988   0.00178   0.05254        18       608    0.9544    0.9555    0.9811    0.6852   0.02529   0.01346  0.000849
     69/99     4.62G   0.03083   0.02099  0.001721   0.05354        24       608    0.9586    0.9748    0.9848    0.6916   0.02393   0.01314 0.0008986
     70/99     4.62G   0.02864   0.02037  0.001701   0.05071        17       608    0.9607    0.9843    0.9869     0.671   0.02487   0.01297 0.0008621
     71/99     4.62G   0.02995   0.02064  0.001701   0.05229        14       608    0.9483    0.9862    0.9867    0.6992   0.02347   0.01265 0.0008426
     72/99     4.62G   0.02841   0.01954  0.001718   0.04967        20       608    0.9606    0.9859    0.9893    0.7026   0.02413   0.01283 0.0008263
     73/99     4.62G   0.02849   0.01991  0.001616   0.05001        15       608    0.9518    0.9804     0.984    0.7128   0.02299   0.01231 0.0008311
     74/99     4.62G   0.02911   0.01906  0.001797   0.04996        22       608    0.9621    0.9854    0.9905    0.7082   0.02438    0.0122 0.0007924
     75/99     4.62G   0.02823   0.01899   0.00155   0.04878        15       608    0.9631    0.9855    0.9909    0.7339   0.02248   0.01216 0.0008085
     76/99     4.62G   0.02839   0.02089  0.001463   0.05075        19       608    0.9686    0.9901    0.9927    0.7356   0.02272   0.01195 0.0008016
     77/99     4.62G   0.02795   0.01836  0.001368   0.04768        12       608    0.9606    0.9933    0.9919    0.7288   0.02231   0.01209 0.0007497
     78/99     4.62G   0.02628   0.01838  0.001398   0.04606        15       608    0.9714    0.9891    0.9916    0.7361   0.02247   0.01191 0.0006854
     79/99     4.62G   0.02586   0.02032  0.001441   0.04763        30       608    0.9749    0.9911    0.9928    0.7493   0.02143   0.01157 0.0006652
     80/99     4.62G   0.02591   0.01818  0.001147   0.04523        16       608    0.9654    0.9739     0.992    0.7545   0.02159   0.01148 0.0006202
     81/99     4.62G   0.02594   0.01817   0.00148   0.04559        27       608    0.9716    0.9929    0.9925    0.7315   0.02141   0.01155 0.0005831
     82/99     4.62G   0.02512   0.01766  0.001303   0.04408         9       608    0.9716    0.9925    0.9925    0.7545   0.02083   0.01135 0.0005592
     83/99     4.62G   0.02577   0.01888   0.00139   0.04604        21       608    0.9687      0.99    0.9922    0.7497   0.02068   0.01158 0.0005522
     84/99     4.62G   0.02531   0.01911  0.001086   0.04551        25       608    0.9704    0.9887    0.9926    0.7715   0.02005   0.01127 0.0005351
     85/99     4.62G   0.02485   0.01734  0.001204   0.04339        25       608    0.9735    0.9925    0.9925     0.772   0.01966    0.0111 0.0005218
     86/99     4.62G   0.02547   0.01861  0.001131   0.04521        22       608    0.9737    0.9891    0.9922    0.7659   0.02037   0.01115 0.0005008
     87/99     4.62G    0.0259   0.01777  0.001216   0.04488        16       608     0.971    0.9959    0.9929    0.7836   0.01973   0.01082 0.0005169
     88/99     4.62G   0.02486   0.01832  0.001536   0.04472        22       608    0.9818    0.9802     0.993    0.7825   0.01943   0.01086 0.0005082
     89/99     4.62G   0.02507   0.01808  0.001207   0.04435        10       608    0.9738    0.9838    0.9933    0.7696   0.01948   0.01075 0.0005153
     90/99     4.62G   0.02594   0.01879 0.0009971   0.04572        29       608    0.9772    0.9863    0.9934    0.7779   0.01895   0.01069  0.000529
     91/99     4.62G   0.02365   0.01893  0.001139   0.04372        13       608    0.9848    0.9761    0.9937    0.7844   0.01979   0.01081 0.0005203
     92/99     4.62G   0.02452   0.01754  0.001187   0.04324        26       608    0.9777    0.9875    0.9937    0.7684   0.01946    0.0107 0.0005252
     93/99     4.62G   0.02431   0.01672   0.00106   0.04209        10       608    0.9773    0.9888    0.9937    0.7846   0.01907   0.01073 0.0005206
     94/99     4.62G   0.02344   0.01713 0.0009873   0.04156        14       608    0.9772    0.9897    0.9937    0.7968   0.01884   0.01052 0.0004849
     95/99     4.62G   0.02482   0.01788  0.001033   0.04374        31       608    0.9829    0.9862    0.9939    0.7761   0.01925   0.01059 0.0004601
     96/99     4.62G   0.02431   0.01709 0.0008578   0.04226        20       608    0.9816    0.9773    0.9934    0.7958   0.01875   0.01064 0.0004675
     97/99     4.62G   0.02362   0.01781  0.001118   0.04254        23       608    0.9823    0.9804    0.9938    0.7942    0.0186   0.01051 0.0004691
     98/99     4.62G   0.02363   0.01829  0.001195   0.04312        25       608    0.9766    0.9924    0.9941    0.7943   0.01838   0.01046 0.0004604
     99/99     4.62G   0.02299   0.01629 0.0008561   0.04013         6       608    0.9787    0.9921    0.9939    0.8093   0.01804   0.01027 0.0004422
